1770628705473 0.0004700657894736842 0
1770628729904 0.0009276604201754386 1
1770628742227 0.0013663922508771928 2
1770628754576 0.0013441173999999998 3
1770628766869 0.0013158232 4
1770628779178 0.001287529 5
1770628791419 0.0012592348 6
1770628803806 0.0012309405999999998 7
1770628815912 0.0012026464 8
1770628828119 0.0011743522 9
1770628840415 0.001146058 10
1770628852737 0.0011177638 11
1770628864739 0.0010894695999999998 12
1770628877076 0.0010611754 13
1770628889721 0.0010328811999999999 14
1770628902053 0.001004587 15
1770628914593 0.0009762927999999999 16
1770628927082 0.0009479985999999998 17
1770628939348 0.0009197044000000001 18
1770628951486 0.0008914102 19
1770628963609 0.0008631159999999999 20
1770628975779 0.0008348218000000001 21
1770628987892 0.0008065276 22
1770629000012 0.0007782334000000001 23
1770629012047 0.0007499392 24
1770629024117 0.0007216449999999999 25
1770629036180 0.0006933508 26
1770629048252 0.0006650565999999999 27
1770629060618 0.0006367623999999998 28
1770629072836 0.0006084682000000001 29
1770629084875 0.000580174 30
1770629096985 0.0005518798 31
1770629109169 0.0005235856 32
1770629121496 0.0004952913999999999 33
1770629133977 0.00046699719999999993 34
1770629146368 0.00043870300000000003 35
1770629158676 0.0004104088 36
1770629171052 0.0003821146 37
1770629183396 0.00035382039999999994 38
1770629195635 0.00032552619999999993 39
1770629215092 0.0002972319999999999 40
1770629227239 0.0002689378000000001 41
1770629239429 0.00024064360000000006 42
1770629251480 0.0002123494 43
1770629263532 0.00018405519999999999 44
1770629275534 0.00015576099999999995 45
1770629287451 0.00012746679999999994 46
1770629299574 9.917260000000006e-05 47
1770629311701 7.087840000000005e-05 48
1770629323892 4.2584200000000025e-05 49
