1770628719103 0.65444 0
1770628731611 0.7972 1
1770628743909 0.84582 2
1770628756373 0.86342 3
1770628768636 0.86974 4
1770628780704 0.88632 5
1770628793248 0.89741 6
1770628805373 0.89787 7
1770628817590 0.9002 8
1770628829820 0.91701 9
1770628842149 0.90626 10
1770628854312 0.91118 11
1770628866401 0.91843 12
1770628878812 0.92624 13
1770628891250 0.92011 14
1770628903598 0.92365 15
1770628916188 0.92592 16
1770628928680 0.92368 17
1770628940885 0.93238 18
1770628953022 0.92016 19
1770628965153 0.93787 20
1770628977307 0.94086 21
1770628989417 0.93641 22
1770629001524 0.93325 23
1770629013524 0.93543 24
1770629025667 0.94038 25
1770629037643 0.93815 26
1770629049832 0.93799 27
1770629062143 0.94577 28
1770629074351 0.94287 29
1770629086361 0.9473 30
1770629098475 0.9498 31
1770629110627 0.94343 32
1770629123042 0.94508 33
1770629135490 0.94725 34
1770629147879 0.94733 35
1770629160168 0.9479 36
1770629172585 0.94931 37
1770629184918 0.954 38
1770629197168 0.95289 39
1770629216567 0.94873 40
1770629228772 0.95492 41
1770629240917 0.95211 42
1770629253028 0.95304 43
1770629265044 0.95544 44
1770629277052 0.95487 45
1770629288960 0.95249 46
1770629301125 0.95244 47
1770629313267 0.95436 48
1770629325442 0.95343 49
1770629328498 0.9543895885589299 49
