1770628719103 0.46651 0
1770628731611 0.57304 1
1770628743909 0.6161 2
1770628756373 0.64985 3
1770628768636 0.65688 4
1770628780704 0.65176 5
1770628793248 0.68281 6
1770628805373 0.67795 7
1770628817590 0.70021 8
1770628829820 0.70973 9
1770628842149 0.70278 10
1770628854312 0.70961 11
1770628866401 0.71514 12
1770628878812 0.72813 13
1770628891250 0.70824 14
1770628903598 0.72533 15
1770628916188 0.73095 16
1770628928680 0.71169 17
1770628940885 0.72433 18
1770628953022 0.73604 19
1770628965153 0.7491 20
1770628977307 0.74484 21
1770628989417 0.73291 22
1770629001524 0.7382 23
1770629013524 0.74446 24
1770629025667 0.7532 25
1770629037643 0.74673 26
1770629049832 0.74146 27
1770629062143 0.74743 28
1770629074351 0.76623 29
1770629086361 0.7598 30
1770629098475 0.77436 31
1770629110627 0.76662 32
1770629123042 0.76311 33
1770629135490 0.77043 34
1770629147879 0.77074 35
1770629160168 0.77474 36
1770629172585 0.77471 37
1770629184918 0.77252 38
1770629197168 0.78111 39
1770629216567 0.77459 40
1770629228772 0.78401 41
1770629240917 0.7784 42
1770629253028 0.78557 43
1770629265044 0.78225 44
1770629277052 0.78439 45
1770629288960 0.77768 46
1770629301125 0.78254 47
1770629313267 0.78571 48
1770629325442 0.78435 49
1770629328498 0.7854468600754614 49
