1770628719103 0.65656 0
1770628731611 0.78745 1
1770628743909 0.85095 2
1770628756373 0.87094 3
1770628768636 0.8848 4
1770628780704 0.86533 5
1770628793248 0.86616 6
1770628805373 0.88337 7
1770628817590 0.91423 8
1770628829820 0.89953 9
1770628842149 0.86732 10
1770628854312 0.89595 11
1770628866401 0.86238 12
1770628878812 0.89469 13
1770628891250 0.9074 14
1770628903598 0.91256 15
1770628916188 0.92253 16
1770628928680 0.89853 17
1770628940885 0.89878 18
1770628953022 0.89045 19
1770628965153 0.91135 20
1770628977307 0.93506 21
1770628989417 0.91795 22
1770629001524 0.92458 23
1770629013524 0.90044 24
1770629025667 0.91791 25
1770629037643 0.92272 26
1770629049832 0.91843 27
1770629062143 0.91969 28
1770629074351 0.90925 29
1770629086361 0.94174 30
1770629098475 0.94328 31
1770629110627 0.93419 32
1770629123042 0.94712 33
1770629135490 0.90645 34
1770629147879 0.92738 35
1770629160168 0.9283 36
1770629172585 0.90328 37
1770629184918 0.95457 38
1770629197168 0.93401 39
1770629216567 0.90773 40
1770629228772 0.94218 41
1770629240917 0.91808 42
1770629253028 0.93106 43
1770629265044 0.92493 44
1770629277052 0.932 45
1770629288960 0.93895 46
1770629301125 0.94748 47
1770629313267 0.94164 48
1770629325442 0.93807 49
1770629328498 0.9422532934037676 49
