1770628719103 0.66107 0
1770628731611 0.72718 1
1770628743909 0.75749 2
1770628756373 0.76943 3
1770628768636 0.73805 4
1770628780704 0.81698 5
1770628793248 0.82639 6
1770628805373 0.81928 7
1770628817590 0.79794 8
1770628829820 0.83992 9
1770628842149 0.83434 10
1770628854312 0.83723 11
1770628866401 0.85868 12
1770628878812 0.85423 13
1770628891250 0.84644 14
1770628903598 0.82702 15
1770628916188 0.80765 16
1770628928680 0.8607 17
1770628940885 0.86893 18
1770628953022 0.84523 19
1770628965153 0.86769 20
1770628977307 0.86066 21
1770628989417 0.85658 22
1770629001524 0.86773 23
1770629013524 0.86127 24
1770629025667 0.87902 25
1770629037643 0.87475 26
1770629049832 0.86288 27
1770629062143 0.86571 28
1770629074351 0.87904 29
1770629086361 0.87816 30
1770629098475 0.87965 31
1770629110627 0.86756 32
1770629123042 0.86495 33
1770629135490 0.90308 34
1770629147879 0.8961 35
1770629160168 0.89308 36
1770629172585 0.8989 37
1770629184918 0.86791 38
1770629197168 0.89687 39
1770629216567 0.89169 40
1770629228772 0.89631 41
1770629240917 0.90547 42
1770629253028 0.89915 43
1770629265044 0.8985 44
1770629277052 0.90444 45
1770629288960 0.89522 46
1770629301125 0.8865 47
1770629313267 0.90345 48
1770629325442 0.90222 49
1770629328498 0.902704069409284 49
