1770628689771 0.0 0
1770628699817 14.9 1
1770628709850 29.5 2
1770628719879 15.7 3
1770628729908 12.7 4
1770628739951 21.5 5
1770628749979 20.2 6
1770628760004 22.5 7
1770628770037 21.3 8
1770628780069 20.2 9
1770628790113 21.3 10
1770628800144 27.7 11
1770628810172 25.9 12
1770628820215 21.8 13
1770628830254 26.6 14
1770628840285 19.9 15
1770628850321 21.0 16
1770628860353 24.6 17
1770628870387 23.3 18
1770628880436 21.8 19
1770628890472 22.4 20
1770628900510 25.0 21
1770628910556 22.2 22
1770628920585 20.9 23
1770628930611 20.8 24
1770628940731 19.8 25
1770628950782 22.9 26
1770628960823 20.9 27
1770628970888 21.4 28
1770628980917 22.7 29
1770628990951 21.2 30
1770629001017 21.5 31
1770629011049 27.8 32
1770629021078 21.4 33
1770629031110 20.9 34
1770629041134 22.5 35
1770629051170 21.5 36
1770629061206 26.4 37
1770629071236 34.9 38
1770629081267 29.5 39
1770629091313 28.3 40
1770629101351 29.9 41
1770629111385 28.0 42
1770629121417 32.8 43
1770629131448 31.6 44
1770629141483 29.2 45
1770629151519 28.0 46
1770629161554 30.6 47
1770629171592 29.4 48
1770629181627 28.7 49
1770629191665 28.8 50
1770629201692 22.0 51
1770629211726 17.5 52
1770629221759 25.6 53
1770629231793 21.9 54
1770629241826 22.1 55
1770629251861 23.6 56
1770629261898 20.7 57
1770629271931 20.6 58
1770629281965 22.3 59
1770629292003 22.1 60
1770629302036 21.5 61
1770629312071 26.8 62
1770629322115 21.6 63
