1770628689771 36661.9 0
1770628699817 36660.6 1
1770628709850 36660.6 2
1770628719879 36660.6 3
1770628729908 36539.6 4
1770628739951 36539.6 5
1770628749979 36539.6 6
1770628760004 36539.6 7
1770628770037 36539.6 8
1770628780069 36539.6 9
1770628790113 36539.6 10
1770628800144 36539.6 11
1770628810172 36539.6 12
1770628820215 36539.6 13
1770628830254 36539.6 14
1770628840285 36539.6 15
1770628850321 36539.6 16
1770628860353 36539.6 17
1770628870387 36539.6 18
1770628880436 36539.6 19
1770628890472 36539.6 20
1770628900510 36539.6 21
1770628910556 36539.6 22
1770628920585 36539.6 23
1770628930611 36539.6 24
1770628940731 36539.6 25
1770628950782 36539.6 26
1770628960823 36539.6 27
1770628970888 36539.6 28
1770628980917 36539.6 29
1770628990951 36539.6 30
1770629001017 36539.6 31
1770629011049 36539.6 32
1770629021078 36539.6 33
1770629031110 36539.6 34
1770629041134 36539.6 35
1770629051170 36539.6 36
1770629061206 36539.6 37
1770629071236 36539.6 38
1770629081267 36539.5 39
1770629091313 36539.5 40
1770629101351 36539.5 41
1770629111385 36539.5 42
1770629121417 36539.5 43
1770629131448 36539.5 44
1770629141483 36539.5 45
1770629151519 36539.5 46
1770629161554 36539.5 47
1770629171592 36539.5 48
1770629181627 36539.5 49
1770629191665 36539.5 50
1770629201692 36539.5 51
1770629211726 36539.5 52
1770629221759 36538.5 53
1770629231793 36538.5 54
1770629241826 36538.5 55
1770629251861 36538.5 56
1770629261898 36538.5 57
1770629271931 36538.5 58
1770629281965 36538.5 59
1770629292003 36538.5 60
1770629302036 36538.5 61
1770629312071 36538.5 62
1770629322115 36538.5 63
