1770628689771 634425.7 0
1770628699817 634427.0 1
1770628709850 634427.0 2
1770628719879 634427.0 3
1770628729908 634548.0 4
1770628739951 634548.0 5
1770628749979 634548.0 6
1770628760004 634548.0 7
1770628770037 634548.0 8
1770628780069 634548.0 9
1770628790113 634548.0 10
1770628800144 634548.0 11
1770628810172 634548.0 12
1770628820215 634548.0 13
1770628830254 634548.0 14
1770628840285 634548.0 15
1770628850321 634548.0 16
1770628860353 634548.0 17
1770628870387 634548.0 18
1770628880436 634548.0 19
1770628890472 634548.0 20
1770628900510 634548.0 21
1770628910556 634548.0 22
1770628920585 634548.0 23
1770628930611 634548.0 24
1770628940731 634548.0 25
1770628950782 634548.0 26
1770628960823 634548.0 27
1770628970888 634548.0 28
1770628980917 634548.0 29
1770628990951 634548.0 30
1770629001017 634548.0 31
1770629011049 634548.0 32
1770629021078 634548.0 33
1770629031110 634548.0 34
1770629041134 634548.0 35
1770629051170 634548.0 36
1770629061206 634548.0 37
1770629071236 634548.0 38
1770629081267 634548.0 39
1770629091313 634548.0 40
1770629101351 634548.0 41
1770629111385 634548.1 42
1770629121417 634548.1 43
1770629131448 634548.1 44
1770629141483 634548.1 45
1770629151519 634548.1 46
1770629161554 634548.1 47
1770629171592 634548.1 48
1770629181627 634548.1 49
1770629191665 634548.1 50
1770629201692 634548.1 51
1770629211726 634548.1 52
1770629221759 634549.1 53
1770629231793 634549.1 54
1770629241826 634549.1 55
1770629251861 634549.1 56
1770629261898 634549.1 57
1770629271931 634549.1 58
1770629281965 634549.1 59
1770629292003 634549.1 60
1770629302036 634549.1 61
1770629312071 634549.1 62
1770629322115 634549.1 63
