1770628689771 94.5 0
1770628699817 94.5 1
1770628709850 94.5 2
1770628719879 94.5 3
1770628729908 94.6 4
1770628739951 94.6 5
1770628749979 94.6 6
1770628760004 94.6 7
1770628770037 94.6 8
1770628780069 94.6 9
1770628790113 94.6 10
1770628800144 94.6 11
1770628810172 94.6 12
1770628820215 94.6 13
1770628830254 94.6 14
1770628840285 94.6 15
1770628850321 94.6 16
1770628860353 94.6 17
1770628870387 94.6 18
1770628880436 94.6 19
1770628890472 94.6 20
1770628900510 94.6 21
1770628910556 94.6 22
1770628920585 94.6 23
1770628930611 94.6 24
1770628940731 94.6 25
1770628950782 94.6 26
1770628960823 94.6 27
1770628970888 94.6 28
1770628980917 94.6 29
1770628990951 94.6 30
1770629001017 94.6 31
1770629011049 94.6 32
1770629021078 94.6 33
1770629031110 94.6 34
1770629041134 94.6 35
1770629051170 94.6 36
1770629061206 94.6 37
1770629071236 94.6 38
1770629081267 94.6 39
1770629091313 94.6 40
1770629101351 94.6 41
1770629111385 94.6 42
1770629121417 94.6 43
1770629131448 94.6 44
1770629141483 94.6 45
1770629151519 94.6 46
1770629161554 94.6 47
1770629171592 94.6 48
1770629181627 94.6 49
1770629191665 94.6 50
1770629201692 94.6 51
1770629211726 94.6 52
1770629221759 94.6 53
1770629231793 94.6 54
1770629241826 94.6 55
1770629251861 94.6 56
1770629261898 94.6 57
1770629271931 94.6 58
1770629281965 94.6 59
1770629292003 94.6 60
1770629302036 94.6 61
1770629312071 94.6 62
1770629322115 94.6 63
