1770628689771 0.0 0
1770628699817 0.21471199999999868 1
1770628709850 0.23297499999999616 2
1770628719879 0.24650299999999703 3
1770628729908 0.3058940000000021 4
1770628739951 0.33443100000000214 5
1770628749979 0.3502119999999991 6
1770628760004 0.3866340000000008 7
1770628770037 0.439036999999999 8
1770628780069 0.4567089999999965 9
1770628790113 0.5134819999999962 10
1770628800144 0.5664060000000006 11
1770628810172 0.5952100000000016 12
1770628820215 0.6366719999999972 13
1770628830254 0.6627369999999999 14
1770628840285 0.6806809999999999 15
1770628850321 0.7347409999999996 16
1770628860353 0.8650149999999996 17
1770628870387 1.0685059999999993 18
1770628880436 1.1052350000000004 19
1770628890472 1.1234210000000004 20
1770628900510 1.140228999999998 21
1770628910556 1.1960830000000016 22
1770628920585 1.2195159999999987 23
1770628930611 1.2529869999999974 24
1770628940731 1.297001999999999 25
1770628950782 1.341668999999996 26
1770628960823 1.3603200000000015 27
1770628970888 1.4084339999999997 28
1770628980917 1.4398079999999993 29
1770628990951 1.4891859999999966 30
1770629001017 1.5353610000000018 31
1770629011049 1.564267000000001 32
1770629021078 1.5800920000000005 33
1770629031110 1.6540710000000018 34
1770629041134 1.6749700000000018 35
1770629051170 1.6939100000000025 36
1770629061206 1.7390469999999993 37
1770629071236 1.7821069999999963 38
1770629081267 1.831074000000001 39
1770629091313 1.8756849999999972 40
1770629101351 1.9092240000000018 41
1770629111385 1.920698999999999 42
1770629121417 1.9838919999999973 43
1770629131448 2.0695240000000013 44
1770629141483 2.093995999999997 45
1770629151519 2.1658019999999993 46
1770629161554 2.197398999999997 47
1770629171592 2.2148320000000012 48
1770629181627 2.2597400000000007 49
1770629191665 2.2909000000000006 50
1770629201692 2.307777999999999 51
1770629211726 2.364053999999996 52
1770629221759 2.401778 53
1770629231793 2.4196310000000025 54
1770629241826 2.460637999999996 55
1770629251861 2.4914229999999975 56
1770629261898 2.5107789999999994 57
1770629271931 2.5686430000000016 58
1770629281965 2.602451000000002 59
1770629292003 2.6455979999999997 60
1770629302036 2.696919000000001 61
1770629312071 2.727725999999997 62
1770629322115 2.7577 63
