1770628689771 0.0 0
1770628699817 0.052182999999999424 1
1770628709850 0.055578000000004124 2
1770628719879 0.058063000000004195 3
1770628729908 0.06435500000000616 4
1770628739951 0.07020700000000346 5
1770628749979 0.0738370000000046 6
1770628760004 0.0812750000000051 7
1770628770037 0.0942890000000034 8
1770628780069 0.09720700000000448 9
1770628790113 0.10453700000000055 10
1770628800144 0.12643600000000532 11
1770628810172 0.13243600000000555 12
1770628820215 0.1402490000000043 13
1770628830254 0.14250100000000288 14
1770628840285 0.1464070000000035 15
1770628850321 0.15460099999999954 16
1770628860353 0.17723900000000015 17
1770628870387 0.20924700000000485 18
1770628880436 0.2169500000000042 19
1770628890472 0.2213610000000017 20
1770628900510 0.2250270000000043 21
1770628910556 0.2331360000000018 22
1770628920585 0.23963400000000235 23
1770628930611 0.2526120000000063 24
1770628940731 0.25976700000000363 25
1770628950782 0.27276300000000475 26
1770628960823 0.2770089999999996 27
1770628970888 0.2814960000000042 28
1770628980917 0.28935700000000253 29
1770628990951 0.3111120000000014 30
1770629001017 0.31856100000000254 31
1770629011049 0.3282840000000036 32
1770629021078 0.331739000000006 33
1770629031110 0.3442020000000028 34
1770629041134 0.3504830000000041 35
1770629051170 0.35427500000000123 36
1770629061206 0.3646930000000026 37
1770629071236 0.38674100000000067 38
1770629081267 0.4018960000000007 39
1770629091313 0.40599399999999974 40
1770629101351 0.41595099999999974 41
1770629111385 0.416794000000003 42
1770629121417 0.4469610000000017 43
1770629131448 0.47998800000000585 44
1770629141483 0.5010750000000002 45
1770629151519 0.5081660000000028 46
1770629161554 0.5146650000000008 47
1770629171592 0.5187489999999997 48
1770629181627 0.5321700000000007 49
1770629191665 0.5389499999999998 50
1770629201692 0.5425500000000056 51
1770629211726 0.5545919999999995 52
1770629221759 0.5677009999999996 53
1770629231793 0.5713350000000048 54
1770629241826 0.578946000000002 55
1770629251861 0.5890850000000043 56
1770629261898 0.5930450000000036 57
1770629271931 0.5994980000000041 58
1770629281965 0.6057410000000019 59
1770629292003 0.6882030000000015 60
1770629302036 0.7974590000000035 61
1770629312071 0.8621809999999996 62
1770629322115 0.9788230000000055 63
