1770628689771 94.2 0
1770628699817 95.3 1
1770628709850 87.1 2
1770628719879 83.3 3
1770628729908 86.7 4
1770628739951 87.3 5
1770628749979 88.5 6
1770628760004 84.3 7
1770628770037 85.2 8
1770628780069 86.7 9
1770628790113 87.5 10
1770628800144 89.5 11
1770628810172 89.2 12
1770628820215 89.0 13
1770628830254 88.8 14
1770628840285 88.0 15
1770628850321 87.7 16
1770628860353 89.4 17
1770628870387 90.3 18
1770628880436 90.2 19
1770628890472 90.5 20
1770628900510 90.2 21
1770628910556 90.8 22
1770628920585 91.2 23
1770628930611 92.7 24
1770628940731 92.6 25
1770628950782 91.5 26
1770628960823 90.8 27
1770628970888 91.0 28
1770628980917 91.8 29
1770628990951 92.1 30
1770629001017 92.5 31
1770629011049 83.5 32
1770629021078 83.5 33
1770629031110 83.7 34
1770629041134 84.0 35
1770629051170 83.9 36
1770629061206 85.2 37
1770629071236 86.0 38
1770629081267 85.8 39
1770629091313 85.3 40
1770629101351 85.4 41
1770629111385 86.3 42
1770629121417 85.7 43
1770629131448 87.4 44
1770629141483 87.3 45
1770629151519 87.5 46
1770629161554 86.2 47
1770629171592 86.4 48
1770629181627 87.0 49
1770629191665 87.1 50
1770629201692 87.1 51
1770629211726 90.4 52
1770629221759 89.3 53
1770629231793 90.3 54
1770629241826 90.7 55
1770629251861 91.2 56
1770629261898 91.6 57
1770629271931 91.9 58
1770629281965 91.9 59
1770629292003 93.2 60
1770629302036 93.6 61
1770629312071 86.4 62
1770629322115 86.6 63
