1770628689771 15820.2 0
1770628699817 16004.9 1
1770628709850 14628.9 2
1770628719879 13986.3 3
1770628729908 14563.9 4
1770628739951 14655.1 5
1770628749979 14861.6 6
1770628760004 14145.5 7
1770628770037 14302.8 8
1770628780069 14552.2 9
1770628790113 14697.7 10
1770628800144 15019.7 11
1770628810172 14976.3 12
1770628820215 14942.3 13
1770628830254 14902.1 14
1770628840285 14781.7 15
1770628850321 14729.8 16
1770628860353 15000.8 17
1770628870387 15167.1 18
1770628880436 15148.9 19
1770628890472 15195.7 20
1770628900510 15139.7 21
1770628910556 15246.1 22
1770628920585 15307.8 23
1770628930611 15561.2 24
1770628940731 15550.9 25
1770628950782 15356.0 26
1770628960823 15243.0 27
1770628970888 15281.8 28
1770628980917 15412.7 29
1770628990951 15454.0 30
1770629001017 15521.5 31
1770629011049 14026.6 32
1770629021078 14021.6 33
1770629031110 14050.9 34
1770629041134 14102.8 35
1770629051170 14081.3 36
1770629061206 14311.5 37
1770629071236 14441.2 38
1770629081267 14411.7 39
1770629091313 14315.4 40
1770629101351 14339.1 41
1770629111385 14492.0 42
1770629121417 14385.2 43
1770629131448 14667.6 44
1770629141483 14655.6 45
1770629151519 14688.6 46
1770629161554 14480.2 47
1770629171592 14503.1 48
1770629181627 14605.8 49
1770629191665 14619.7 50
1770629201692 14621.6 51
1770629211726 15180.6 52
1770629221759 14990.0 53
1770629231793 15165.6 54
1770629241826 15230.2 55
1770629251861 15312.9 56
1770629261898 15386.7 57
1770629271931 15425.6 58
1770629281965 15435.4 59
1770629292003 15644.3 60
1770629302036 15721.1 61
1770629312071 14501.6 62
1770629322115 14542.4 63
