1770628705473 1.42081 0
1770628729904 1.21611 1
1770628742227 1.21539 2
1770628754576 1.22388 3
1770628766869 1.14151 4
1770628779178 1.16744 5
1770628791419 1.15997 6
1770628803806 1.08422 7
1770628815912 1.09822 8
1770628828119 1.06651 9
1770628840415 1.0585 10
1770628852737 1.06935 11
1770628864739 1.0437 12
1770628877076 1.04567 13
1770628889721 1.02042 14
1770628902053 1.02004 15
1770628914593 1.04048 16
1770628927082 1.03464 17
1770628939348 1.00525 18
1770628951486 1.00621 19
1770628963609 0.93676 20
1770628975779 0.98351 21
1770628987892 0.96456 22
1770629000012 0.94644 23
1770629012047 0.96889 24
1770629024117 0.96831 25
1770629036180 0.93133 26
1770629048252 0.93971 27
1770629060618 0.93708 28
1770629072836 0.93929 29
1770629084875 0.90106 30
1770629096985 0.87812 31
1770629109169 0.89933 32
1770629121496 0.87519 33
1770629133977 0.87819 34
1770629146368 0.85929 35
1770629158676 0.87335 36
1770629171052 0.85491 37
1770629183396 0.87732 38
1770629195635 0.82001 39
1770629215092 0.75399 40
1770629227239 0.75849 41
1770629239429 0.76232 42
1770629251480 0.75967 43
1770629263532 0.7531 44
1770629275534 0.73922 45
1770629287451 0.73832 46
1770629299574 0.72108 47
1770629311701 0.73967 48
1770629323892 0.7389 49
