1770628705473 3.20461 0
1770628729904 1.29518 1
1770628742227 1.02639 2
1770628754576 0.93496 3
1770628766869 0.82441 4
1770628779178 0.82908 5
1770628791419 0.79617 6
1770628803806 0.72227 7
1770628815912 0.72522 8
1770628828119 0.68745 9
1770628840415 0.70022 10
1770628852737 0.67292 11
1770628864739 0.63374 12
1770628877076 0.6237 13
1770628889721 0.61118 14
1770628902053 0.60115 15
1770628914593 0.60149 16
1770628927082 0.60049 17
1770628939348 0.58469 18
1770628951486 0.56523 19
1770628963609 0.5425 20
1770628975779 0.54852 21
1770628987892 0.52231 22
1770629000012 0.5125 23
1770629012047 0.53048 24
1770629024117 0.5048 25
1770629036180 0.49582 26
1770629048252 0.49543 27
1770629060618 0.49382 28
1770629072836 0.46308 29
1770629084875 0.45132 30
1770629096985 0.45013 31
1770629109169 0.4429 32
1770629121496 0.44033 33
1770629133977 0.42357 34
1770629146368 0.41331 35
1770629158676 0.40864 36
1770629171052 0.41303 37
1770629183396 0.42364 38
1770629195635 0.38685 39
1770629215092 0.34533 40
1770629227239 0.3346 41
1770629239429 0.32907 42
1770629251480 0.32951 43
1770629263532 0.33227 44
1770629275534 0.3103 45
1770629287451 0.30553 46
1770629299574 0.29789 47
1770629311701 0.30709 48
1770629323892 0.31105 49
