1770628705473 0.00488 0
1770628729904 0.00421 1
1770628742227 0.00433 2
1770628754576 0.00424 3
1770628766869 0.00416 4
1770628779178 0.00388 5
1770628791419 0.00406 6
1770628803806 0.0039 7
1770628815912 0.00385 8
1770628828119 0.00373 9
1770628840415 0.00369 10
1770628852737 0.00355 11
1770628864739 0.00363 12
1770628877076 0.00349 13
1770628889721 0.00356 14
1770628902053 0.00343 15
1770628914593 0.00341 16
1770628927082 0.00362 17
1770628939348 0.00346 18
1770628951486 0.00321 19
1770628963609 0.00324 20
1770628975779 0.00327 21
1770628987892 0.00326 22
1770629000012 0.00308 23
1770629012047 0.00316 24
1770629024117 0.00322 25
1770629036180 0.00315 26
1770629048252 0.00311 27
1770629060618 0.00309 28
1770629072836 0.00291 29
1770629084875 0.0029 30
1770629096985 0.00286 31
1770629109169 0.00286 32
1770629121496 0.00286 33
1770629133977 0.00274 34
1770629146368 0.00271 35
1770629158676 0.0027 36
1770629171052 0.0027 37
1770629183396 0.00267 38
1770629195635 0.0026 39
1770629215092 0.00281 40
1770629227239 0.00269 41
1770629239429 0.0027 42
1770629251480 0.00263 43
1770629263532 0.00261 44
1770629275534 0.00253 45
1770629287451 0.00262 46
1770629299574 0.0025 47
1770629311701 0.00255 48
1770629323892 0.00252 49
